[solid]
diffuse = 0.800000  0.800000  0.800000  1.000000
specular = 0.500000  0.500000  0.500000  1.000000
specularPower = 6.311791
emissive = 0.000000  0.000000  0.000000  1.000000
ambient = 0.000000  0.000000  0.000000  1.000000

[texture]
emissive = 50cal-red00_e.dds